           R          F            M  类别数目
0  15.911672   6.927445   374.730726   317
1  17.353896  11.165584  1039.894805   308
2  16.776699  10.728155  1685.837411   309
3  28.333333  14.833333  6330.238333     6
[Finished in 2.6s]

           R          F            M  类别数目
0  15.911672   6.927445   374.730726   317
1  17.353896  11.165584  1039.894805   308
2  28.333333  14.833333  6330.238333     6
3  16.776699  10.728155  1685.837411   309
[Finished in 2.6s]

